%YAML:1.0
---
rotMatrix: !!opencv-matrix
   rows: 3
   cols: 3
   dt: d
   data: [ -9.9675821184139746e-01, 6.6989424827757757e-02,
       -4.4558771167818215e-02, -6.3095309861221291e-02,
       -3.0721503157174268e-01, 9.4954615804071896e-01,
       4.9920426683435590e-02, 9.4927938002340473e-01,
       3.1044582403718146e-01 ]
transVect: !!opencv-matrix
   rows: 3
   cols: 1
   dt: d
   data: [ 3.3206682749504859e+00, 1.6735760555405383e+00,
       3.2549877284453288e+01 ]
cameraMatrix: !!opencv-matrix
   rows: 3
   cols: 3
   dt: d
   data: [ 2.3067835977811387e+03, 0., 960., 0., 2.3067835977811387e+03,
       540., 0., 0., 1. ]
distCoeffs: !!opencv-matrix
   rows: 4
   cols: 1
   dt: d
   data: [ 0., 0., 0., 0. ]
