%YAML:1.0
---
zone-image: !!opencv-matrix
   rows: 4
   cols: 1
   dt: "2i"
   data: [ 1699, 672, 212, 666, 767, 156, 1109, 152 ]
zone-world: !!opencv-matrix
   rows: 4
   cols: 3
   dt: d
   data: [ -2.8498578514433528e+00, 4.3210365909432738e+01, 0.,
       -4.8813314076909720e+00, 3.1444768346935881e-01, 0.,
       8.5773204798713465e+00, -1.3424178112332399e+00, 0.,
       8.6042793406816998e+00, 3.5803220655542511e+01, 0. ]
